0 0 0 0 0
1 1 0 0 0
2 2 60 0 0
4 0 120 0 0
6 -2 180 0 0
8 0 240 0 0
10 2 300 0 0
12 0 360 0 0
12 0 360 0.5 30
12 0 360 1 30
12 0 360 1 30
12 0 360 1 30
12 0 360 0.5 60
12 0 360 0 60
9.99999 -2 359.999 4.00469e-08 60.0001
7.99999 -2.38419e-07 419.999 4.00469e-08 60.0001
5.99999 2 479.999 4.00469e-08 60.0001
3.99999 -2.38419e-07 539.999 4.00469e-08 60.0001
1.99999 -2 599.999 4.00469e-08 60.0001
-1.04904e-05 -2.38419e-07 659.999 4.00469e-08 60.0001
-1.04904e-05 -2.38419e-07 659.999 0.5 90.0001
-1.04904e-05 -2.38419e-07 659.999 1 90.0001
-1.04904e-05 -2.38419e-07 659.999 1 90.0001
-1.04904e-05 -2.38419e-07 659.999 1 90.0001
-1.04904e-05 -2.38419e-07 659.999 0.5 120
-1.04904e-05 -2.38419e-07 659.999 0 120
